2

0 0 1.19362
0.2 0 1.54232
0.4 0 0.454542
0.6 0 -0.683669
0.8 0 -1.46417
1 0 -1.55094
1.2 0 -1.63539
1.4 0 -0.473234
1.6 0 0.701631
1.8 0 1.55545
2 0 1.9013
0 0.2 0.709491
0.2 0.2 0.36879
0.4 0.2 0.268561
0.6 0.2 -0.10458
0.8 0.2 -0.389738
1 0.2 -0.677759
1.2 0.2 -0.42426
1.4 0.2 -0.244681
1.6 0.2 0.0841984
1.8 0.2 0.389789
2 0.2 0.69746
0 0.4 -1.22478
0.2 0.4 -1.20624
0.4 0.4 -0.390503
0.6 0.4 0.421211
0.8 0.4 1.12839
1 0.4 1.61205
1.2 0.4 1.0787
1.4 0.4 0.499512
1.6 0.4 -0.477565
1.8 0.4 -1.18586
2 0.4 -1.96036
0 0.6 -1.29384
0.2 0.6 -1.05292
0.4 0.6 -0.435
0.6 0.6 0.539586
0.8 0.6 1.19781
1 0.6 1.32195
1.2 0.6 1.30125
1.4 0.6 0.398953
1.6 0.6 -0.481582
1.8 0.6 -1.37895
2 0.6 -1.66045
0 0.8 0.324427
0.2 0.8 0.47684
0.4 0.8 0.184681
0.6 0.8 -0.271382
0.8 0.8 -0.526187
1 0.8 -0.438246
1.2 0.8 -0.43927
1.4 0.8 -0.199358
1.6 0.8 0.175772
1.8 0.8 0.606865
2 0.8 0.580636
0 1 1.56858
0.2 1 1.401
0.4 1 0.517203
0.6 1 -0.570514
0.8 1 -1.63023
1 1 -1.99
1.2 1 -1.3669
1.4 1 -0.517158
1.6 1 0.641753
1.8 1 1.46504
2 1 2.15504
0 1.2 0.55486
0.2 1.2 0.347966
0.4 1.2 0.0599544
0.6 1.2 -0.301184
0.8 1.2 -0.350128
1 1.2 -0.601524
1.2 1.2 -0.542862
1.4 1.2 -0.174575
1.6 1.2 0.0340492
1.8 1.2 0.396042
2 1.2 0.772438
0 1.4 -1.02063
0.2 1.4 -1.07281
0.4 1.4 -0.510271
0.6 1.4 0.427045
0.8 1.4 0.992468
1 1.4 1.51095
1.2 1.4 1.25891
1.4 1.4 0.490016
1.6 1.4 -0.523379
1.8 1.4 -1.1884
2 1.4 -1.9248
0 1.6 -1.69195
0.2 1.6 -1.20593
0.4 1.6 -0.374099
0.6 1.6 0.486331
0.8 1.6 1.37383
1 1.6 1.5275
1.2 1.6 1.22339
1.4 1.6 0.437211
1.6 1.6 -0.421087
1.8 1.6 -1.34565
2 1.6 -1.5864
0 1.8 0.858076
0.2 1.8 0.397064
0.4 1.8 0.232448
0.6 1.8 -0.105258
0.8 1.8 -0.289347
1 1.8 -0.551722
1.2 1.8 -0.574906
1.4 1.8 -0.0738996
1.6 1.8 0.299028
1.8 1.8 0.462323
2 1.8 0.776639
0 2 1.12161
0.2 2 1.54692
0.4 2 0.546063
0.6 2 -0.532759
0.8 2 -1.71858
1 2 -1.82484
1.2 2 -1.2362
1.4 2 -0.608278
1.6 2 0.530332
1.8 2 1.77232
2 2 2.04834

0 1 11 
1 12 11 
1 2 13 
1 13 12 
2 3 13 
3 14 13 
3 4 15 
3 15 14 
4 5 16 
4 16 15 
5 6 16 
6 17 16 
6 7 18 
6 18 17 
7 8 18 
8 19 18 
8 9 20 
8 20 19 
9 10 21 
9 21 20 
11 12 22 
12 23 22 
12 13 24 
12 24 23 
13 14 25 
13 25 24 
14 15 25 
15 26 25 
15 16 27 
15 27 26 
16 17 28 
16 28 27 
17 18 29 
17 29 28 
18 19 29 
19 30 29 
19 20 31 
19 31 30 
20 21 32 
20 32 31 
22 23 33 
23 34 33 
23 24 35 
23 35 34 
24 25 36 
24 36 35 
25 26 36 
26 37 36 
26 27 37 
27 38 37 
27 28 39 
27 39 38 
28 29 39 
29 40 39 
29 30 40 
30 41 40 
30 31 42 
30 42 41 
31 32 42 
32 43 42 
33 34 44 
34 45 44 
34 35 46 
34 46 45 
35 36 46 
36 47 46 
36 37 48 
36 48 47 
37 38 49 
37 49 48 
38 39 50 
38 50 49 
39 40 51 
39 51 50 
40 41 51 
41 52 51 
41 42 53 
41 53 52 
42 43 54 
42 54 53 
44 45 55 
45 56 55 
45 46 56 
46 57 56 
46 47 58 
46 58 57 
47 48 59 
47 59 58 
48 49 60 
48 60 59 
49 50 60 
50 61 60 
50 51 61 
51 62 61 
51 52 63 
51 63 62 
52 53 63 
53 64 63 
53 54 65 
53 65 64 
55 56 66 
56 67 66 
56 57 67 
57 68 67 
57 58 68 
58 69 68 
58 59 69 
59 70 69 
59 60 71 
59 71 70 
60 61 72 
60 72 71 
61 62 72 
62 73 72 
62 63 74 
62 74 73 
63 64 75 
63 75 74 
64 65 76 
64 76 75 
66 67 77 
67 78 77 
67 68 79 
67 79 78 
68 69 79 
69 80 79 
69 70 80 
70 81 80 
70 71 82 
70 82 81 
71 72 82 
72 83 82 
72 73 83 
73 84 83 
73 74 85 
73 85 84 
74 75 86 
74 86 85 
75 76 87 
75 87 86 
77 78 88 
78 89 88 
78 79 89 
79 90 89 
79 80 90 
80 91 90 
80 81 92 
80 92 91 
81 82 92 
82 93 92 
82 83 93 
83 94 93 
83 84 94 
84 95 94 
84 85 96 
84 96 95 
85 86 97 
85 97 96 
86 87 97 
87 98 97 
88 89 100 
88 100 99 
89 90 101 
89 101 100 
90 91 101 
91 102 101 
91 92 102 
92 103 102 
92 93 103 
93 104 103 
93 94 104 
94 105 104 
94 95 106 
94 106 105 
95 96 107 
95 107 106 
96 97 108 
96 108 107 
97 98 109 
97 109 108 
99 100 111 
99 111 110 
100 101 111 
101 112 111 
101 102 112 
102 113 112 
102 103 114 
102 114 113 
103 104 114 
104 115 114 
104 105 115 
105 116 115 
105 106 117 
105 117 116 
106 107 117 
107 118 117 
107 108 119 
107 119 118 
108 109 119 
109 120 119 

25

0.969824
